1,0,block2,,412123243134,
1,0,block2,,114323344122,
1,0,block2,,411433422213,
1,0,block2,,224431432113,
1,0,block2,,141342123432,
1,0,block2,,341322141423,
1,0,block2,,144133222413,
1,0,block2,,234214313421,
1,0,block2,,211423233144,
1,0,block2,,432334124112,
1,0,block2,,421234411233,
1,0,block2,,142214133243,
1,0,block2,,112314432234,
1,0,block2,,313224441132,
1,0,block2,,143423412321,
1,0,block2,,431142242331,
1,0,block2,,233211443412,
1,0,block2,,323242314411,
1,0,block2,,432432341211,
1,0,block2,,224231434113,
1,0,block2,,432241313241,
1,0,block2,,231124324134,
1,0,block2,,121313224434,
1,0,block2,,421314234132,
1,0,block2,,233442421131,
1,0,block2,,121243341243,
1,0,block2,,343112243412,
1,0,block2,,341432321214,
1,0,block2,,224143433121,
1,0,block2,,144133224123,
