2,0,block2,,323221123131,
2,0,block2,,122232313113,
2,0,block2,,232121123313,
2,0,block2,,211223133132,
2,0,block2,,131133221322,
2,0,block2,,131321331222,
2,0,block2,,132123231231,
2,0,block2,,312333222111,
2,0,block2,,322113322311,
2,0,block2,,231132331122,
2,0,block2,,131223132231,
2,0,block2,,121323213123,
2,0,block2,,331312232211,
2,0,block2,,221312113233,
2,0,block2,,131331212322,
2,0,block2,,311213312232,
2,0,block2,,323232111132,
2,0,block2,,213232321311,
2,0,block2,,211231333122,
2,0,block2,,311123323122,
2,0,block2,,213123311223,
2,0,block2,,112232132313,
2,0,block2,,121121323323,
2,0,block2,,331231131222,
2,0,block2,,113332231122,
2,0,block2,,232211211333,
2,0,block2,,121121233332,
2,0,block2,,231212231313,
2,0,block2,,213223213311,
2,0,block2,,323311222311,
